-0.6922299   0.5314143  -0.37159956 -0.15075475  0.2332682   0.68794894
 0.57560664 -2.1636105   0.50065786  2.0535858   0.8503193   0.18780936 
-0.5560543   0.5017569  -0.09367603 -0.57175475 0.04044735  0.8510233  
 0.4015811   0.1847617   0.6744577 -0.22985786 -0.07337445 -0.2122764 
 0.27337056 -1.0769987   0.382358    1.1960247   0.00020309 -1.6535193  
 0.21308583 -1.1979889 0.5855723 1.9987684 0.63516384 -0.1907509 
 1.2037647   0.00256794 -0.00035524  1.3456844   1.7623965  
 0.14009827 -0.20318234  0.0205881   0.06776839 -0.50902987 
-0.43017378  0.05259712  0.37217402 -0.49601677 -0.7996191  
 0.63425165 -1.1479241  0.14222074 -0.5699077  1.3254247 
-0.8201532 0.17678714 -0.285655   1.5620098 
 0.0   -0.96078885  0.0  1.254579  1.3285241  0.04172524
 1.2627648 -0.4113573  0.0         0.436588   1.1709417
  0.07760307  0.0         -0.25502148  0.6273082 
-0.07584851