0.488303
0.49215
0.495997
0.499845
0.503694
0.507541
0.511388
0.515234
0.519077
0.522919
0.526757
0.530593
0.534425
0.538253
0.542076
0.545895
0.549708
0.553515
0.557316
0.56111
0.564897
0.568677
0.572448
0.576211
0.579966
0.583711
0.587446
0.591172
0.594887
0.598591
0.602284
0.605965
0.609635
0.613292
0.616936
0.620567
0.624185
0.627789
0.631378
0.634954
0.638514
0.642059
0.645589
0.649103
0.652601
0.656083
0.659547
0.662995
0.666426
0.669839
0.673234
0.676611
0.67997
0.683311
0.686632
0.689935
0.693218
0.696482
0.699726
0.70295
0.706154
0.709338
0.712502
0.715644
0.718766
0.721867
0.724947
0.728006
0.731043
0.734059
0.737053
0.740026
0.742976
0.745904
0.748811
0.751695
0.754557
0.757397
0.760214
0.763009
0.765781
0.76853
0.771257
0.773961
0.776643
0.779302
0.781938
0.784551
0.787142
0.789709
0.792254
0.794776
0.797276
0.799752
0.802206
0.804637
0.807045
0.809431
0.811794
0.814135
0.816453
0.818748
0.821021
0.823272
0.825501
0.827707
0.829891
0.832053
0.834193
0.836311
0.838407
0.840482
0.842535
0.844566
0.846576
0.848565
0.850533
0.852479
0.854404
0.856309
0.858192
0.860055
0.861898
0.86372
0.865521
0.867303
0.869065
0.870806
0.872528
0.87423
0.875913
0.877577
0.879221
0.880846
0.882452
0.884039
0.885608
0.887158
0.88869
0.890204
0.891699
0.893177
0.894636
0.896079
0.897503
0.898911
0.900301
0.901674
0.90303
0.90437
0.905693
0.906999
0.90829
0.909564
0.910822
0.912065
0.913291
0.914503
0.915698
0.916879
0.918045
0.919195
0.920331
0.921453
0.92256
0.923652
0.924731
0.925795
0.926846
0.927883
0.928906
0.929916
0.930912
0.931896
0.932866
0.933824
0.934769
0.935701
0.936621
0.937529
0.938424
0.939308
0.940179
0.941039
0.941887
0.942724
0.94355
0.944364
0.945167
0.94596
0.946741
0.947512
0.948272
0.949022
0.949762
0.950491
0.95121
0.95192
0.95262
0.953309
0.95399
0.954661
0.955322
0.955975
0.956618
0.957252
0.957878
0.958495
0.959103
0.959702
0.960293
0.960876
0.961451
0.962017
0.962576
0.963126
0.963669
0.964204
0.964732
0.965252
0.965764
0.96627
0.966768
0.967259
0.967743
0.96822
0.968514
0.96848
0.968446
0.968412
0.968378
0.968344
0.968309
0.968275
0.968241
0.968206
0.968172
0.968138
0.968103
0.968069
0.968034
0.968
0.967965
0.967904
0.96763
0.967353
0.967074
0.966793
0.966509
0.966223
0.965935
0.965644
0.965351
0.965055
0.964757
0.964457
0.964154
0.963849
0.963541
0.963231
0.962918
0.962602
0.962284
0.961964
0.96164
0.961314
0.960986
0.960655
0.960321
0.959984
0.959645
0.959303
0.958958
0.95861
0.95826
0.957906
0.95755
0.957191
0.956829
0.956464
0.956096
0.955725
0.955352
0.954975
0.954595
0.954212
0.953826
0.953437
0.952983
0.952337
0.951682
0.951019
0.950347
0.949666
0.948977
0.948278
0.947571
0.946854
0.946129
0.945394
0.944649
0.943895
0.943131
0.942358
0.941574
0.940781
0.939977
0.939164
0.93834
0.937506
0.936661
0.935805
0.934939
0.934062
0.933174
0.932274
0.931364
0.930442
0.929509
0.928564
0.927608
0.92664
0.925659
0.924667
0.923663
0.922646
0.921617
0.920576
0.919522
0.918455
0.917375
0.916282
0.915176
0.914057
0.912925
0.911779
0.910619
0.909446
0.908259
0.907058
0.905843
0.904613
0.90337
0.902111
0.900839
0.899551
0.898249
0.896932
0.895599
0.894252
0.892889
0.891511
0.890117
0.888707
0.887282
0.885841
0.884384
0.88291
0.881421
0.879915
0.878392
0.876853
0.875297
0.873724
0.872135
0.870528
0.868905
0.867264
0.865605
0.863929
0.862236
0.860525
0.858796
0.857049
0.855284
0.853502
0.851701
0.849882
0.848044
0.846188
0.844314
0.842421
0.840509
0.838579
0.836629
0.834661
0.832674
0.830668
0.828643
0.826598
0.824534
0.822451
0.820349
0.818228
0.816086
0.813926
0.811746
0.809546
0.807327
0.805088
0.802829
0.800551
0.798253
0.795935
0.793598
0.79124
0.788863
0.786467
0.78405
0.781614
0.779158
0.776682
0.774187
0.771672
0.769137
0.766583
0.764009
0.761415
0.758802
0.756169
0.753518
0.750846
0.748156
0.745446
0.742717
0.739969
0.737203
0.734417
0.731612
0.728789
0.725947
0.723087
0.720208
0.717312
0.714397
0.711464
0.708513
0.705545
0.702559
0.699556
0.696535
0.693497
0.690443
0.687372
0.684284
0.68118
0.67806
0.674923
0.671772
0.668604
0.665421
0.662223
0.65901
0.655783
0.652541
0.649284
0.646014
0.64273
0.639433
0.636122
0.632799
0.629463
0.626114
0.622753
0.619381
0.615997
0.612601
0.609195
0.605778
0.60235
0.598913
0.595466
0.592009
0.588543
0.585069
0.581585
0.578094
0.574595
0.571089
0.567575
0.564054
0.560527
0.556994
0.553455
0.549911
0.546362
0.542807
0.539249
0.535687
0.53212
0.528551
0.524979
0.521404
0.517827
0.514248
0.510667
0.507086
0.503504
0.499921
0.496339
0.492756
0.489175
0.485595
0.482016
0.478439
0.474864
0.471292
0.467722
0.464157
0.460594
0.457036
0.453482
0.449933
0.446389
0.44285
0.439317
0.43579
0.43227
0.428757
0.425251
0.421752
0.418261
0.414778
0.411304
0.407839
0.404382
0.400935
0.397498
0.394071
0.390655
0.387249
0.383854
0.38047
0.377098
0.373738
0.37039
0.367055
0.363732
0.360422
0.357125
0.353842
0.350572
0.347316
0.344075
0.340848
0.337636
0.334438
0.331256
0.328089
0.324938
0.321803
0.318683
0.31558
0.312493
0.309422
0.306368
0.303332
0.300312
0.297309
0.294324
0.291356
0.288407
0.285474
0.28256
0.279664
0.276787
0.273927
0.271086
0.268264
0.26546
0.262675
0.259909
0.257162
0.254434
0.251725
0.249036
0.246365
0.243714
0.241083
0.23847
0.235878
0.233304
0.230751
0.228217
0.225703
0.223208
0.220733
0.218278
0.215843
0.213427
0.211031
0.208655
0.206299
0.203962
0.201646
0.199348
0.197071
0.194813
0.192575
0.190357
0.188158
0.185979
0.183819
0.181679
0.179558
0.177456
0.175374
0.173311
0.171268
0.169243
0.167238
0.165252
0.163284
0.161336
0.159406
0.157496
0.155603
0.15373
0.151875
0.150038
0.14822
0.146419
0.144637
0.142874
0.141128
0.1394
0.137689
0.135997
0.134321
0.132664
0.131024
0.129401
0.127795
0.126206
0.124634
0.123079
0.121541
0.120019
0.118514
0.117025
0.115552
0.114095
0.112655
0.11123
0.109822
0.108428
0.107051
0.105689
0.104342
0.10301
0.101693
0.100392
0.099105
0.0978328
0.0965753
0.0953322
0.0941034
0.0928888
0.0916884
0.0905019
0.0893292
0.0881703
0.0870249
0.0858931
0.0847746
0.0836693
0.0825771
0.0814979
0.0804316
0.0793781
0.0783371
0.0773087
0.0762926
0.0752889
0.0742972
0.0733176
0.0723499
0.071394
0.0704497
0.069517
0.0685958
0.0676858
0.0667871
0.0658994
0.0650228
0.064157
0.0633019
0.0624575
0.0616236
0.0608001
0.0599869
0.0591839
0.058391
0.0576081
0.056835
0.0560717
0.055318
0.0545739
0.0538392
0.0531138
0.0523977
0.0516907
0.0509927
0.0503037
0.0496235
0.048952
0.0482891
0.0476348
0.0469889
0.0463513
0.0457219
0.0451007
0.0444876
0.0438824
0.043285
0.0426954
0.0421135
0.0415392
0.0409724
0.040413
0.0398609
0.0393161
0.0387784
0.0382477
0.037724
0.0372073
0.0366973
0.0361941
0.0356975
0.0352074
0.0347239
0.0342467
0.0337759
0.0333114
0.032853
0.0324007
0.0319544
0.0315141
0.0310796
0.030651
0.030228
0.0298108
0.0293991
0.0289929
0.0285922
0.0281968
0.0278068
0.027422
0.0270424
0.0266679
0.0262984
0.0259339
0.0255744
0.0252197
0.0248698
0.0245246
0.0248669
0.0252424
0.0256235
0.0260101
0.0264024
0.0268005
0.0272043
0.0276142
0.0280299
0.0284518
0.0288799
0.0293141
0.0297548
0.0302018
0.0306553
0.0311154
0.0315822
0.0320558
0.0325363
0.0330237
0.0335181
0.0340197
0.0345285
0.0350447
0.0355683
0.0360994
0.0366381
0.0371846
0.0377389
0.0383012
0.0388715
0.0394499
0.0400366
0.0406316
0.0412351
0.0418472
0.0424679
0.0430975
0.0437359
0.0443834
0.04504
0.0457058
0.0463811
0.0470658
0.0477601
0.0484641
0.049178
0.0499018
0.0506357
0.0513798
0.0521343
0.0528992
0.0536747
0.0544609
0.055258
0.0560661
0.0568852
0.0577156
0.0585573
0.0594106
0.0602755
0.0611522
0.0620407
0.0629414
0.0638542
0.0647793
0.0657169
0.0666671
0.06763
0.0686058
0.0695947
0.0705967
0.071612
0.0726409
0.0736833
0.0747394
0.0758095
0.0768936
0.0779919
0.0791045
0.0802317
0.0813735
0.08253
0.0837016
0.0848882
0.08609
0.0873072
0.08854
0.0897885
0.0910528
0.0923331
0.0936296
0.0949424
0.0962716
0.0976174
0.09898
0.100359
0.101756
0.10317
0.104601
0.106049
0.107516
0.109
0.110502
0.112022
0.11356
0.115117
0.116692
0.118286
0.119899
0.12153
0.123181
0.124851
0.126541
0.12825
0.129978
0.131726
0.133495
0.135283
0.137091
0.13892
0.140769
0.142639
0.144529
0.146441
0.148373
0.150326
0.1523
0.154295
0.156312
0.15835
0.160409
0.162491
0.164593
0.166718
0.168865
0.171033
0.173224
0.175437
0.177672
0.179929
0.182208
0.18451
0.186835
0.189181
0.191551
0.193943
0.196357
0.198794
0.201254
0.203737
0.206242
0.20877
0.211321
0.213894
0.216491
0.219109
0.221751
0.224416
0.227103
0.229812
0.232544
0.235299
0.238077
0.240876
0.243699
0.246543
0.24941
0.252299
0.25521
0.258143
0.261098
0.264075
0.267073
0.270093
0.273134
0.276197
0.279281
0.282385
0.285511
0.288657
0.291824
0.295011
0.298219
0.301446
0.304693
0.307959
0.311245
0.31455
0.317874
0.321217
0.324578
0.327957
0.331354
0.334769
0.338201
0.34165
0.345117
0.348599
0.352098
0.355613
0.359144
0.362689
0.36625
0.369826
0.373416
0.377019
0.380637
0.384268
0.387911
0.391568
0.395236
0.398917
0.402608
0.406311
0.410025
0.413749
0.417482
0.421226
0.424978
0.428739
0.432508
0.436285
0.44007
0.441816
0.443545
0.445276
0.447008
0.448741
0.450475
0.45221
0.453947
0.455685
0.457424
0.459163
0.460904
0.462646
0.462882
0.462879
0.462876
0.462873
0.46287
0.462867
0.462864
