0						
0.006283185307179587	
0.012566370614359173	
0.01884955592153876		
0.025132741228718346	
0.031415926535897934	
0.03769911184307752		
0.0439822971502571		
0.050265482457436686	
0.05654866776461627		
0.06283185307179585		
0.06911503837897544		
0.07539822368615502		
0.0816814089933346		
0.08796459430051419		
0.09424777960769377		
0.10053096491487336		
0.10681415022205294		
0.11309733552923253		
0.11938052083641211		
0.1256637061435917		
0.1319468914507713		
0.13823007675795088		
0.14451326206513046		
0.15079644737231004		
0.15707963267948963		
0.1633628179866692		
0.1696460032938488		
0.17592918860102838		
0.18221237390820796		
0.18849555921538755		
0.19477874452256713		
0.20106192982974672		
0.2073451151369263		
0.21362830044410588		
0.21991148575128547		
0.22619467105846505		
0.23247785636564464		
0.23876104167282422		
0.2450442269800038		
0.2513274122871834		
0.257610597594363		
0.2638937829015426		
0.27017696820872217		
0.27646015351590175		
0.28274333882308134		
0.2890265241302609		
0.2953097094374405		
0.3015928947446201		
0.30787608005179967		
0.31415926535897926		
0.32044245066615884		
0.3267256359733384		
0.333008821280518		
0.3392920065876976		
0.3455751918948772		
0.35185837720205676		
0.35814156250923634		
0.36442474781641593		
0.3707079331235955		
0.3769911184307751		
0.3832743037379547		
0.38955748904513426		
0.39584067435231385		
0.40212385965949343		
0.408407044966673		
0.4146902302738526		
0.4209734155810322		
0.42725660088821177		
0.43353978619539135		
0.43982297150257094		
0.4461061568097505		
0.4523893421169301		
0.4586725274241097		
0.4649557127312893		
0.47123889803846886		
0.47752208334564844		
0.483805268652828		
0.4900884539600076		
0.4963716392671872		
0.5026548245743668		
0.5089380098815465		
0.5152211951887261		
0.5215043804959058		
0.5277875658030854		
0.534070751110265		
0.5403539364174447		
0.5466371217246243		
0.552920307031804		
0.5592034923389836		
0.5654866776461632		
0.5717698629533429		
0.5780530482605225		
0.5843362335677021		
0.5906194188748818		
0.5969026041820614		
0.6031857894892411		
0.6094689747964207		
0.6157521601036003		
0.62203534541078		
0.6283185307179596		
0.6346017160251393		
0.6408849013323189		
0.6471680866394985		
0.6534512719466782		
0.6597344572538578		
0.6660176425610375		
0.6723008278682171		
0.6785840131753967		
0.6848671984825764		
0.691150383789756		
0.6974335690969357		
0.7037167544041153		
0.7099999397112949		
0.7162831250184746		
0.7225663103256542		
0.7288494956328339		
0.7351326809400135		
0.7414158662471931		
0.7476990515543728		
0.7539822368615524		
0.760265422168732		
0.7665486074759117		
0.7728317927830913		
0.779114978090271		
0.7853981633974506		
0.7916813487046302		
0.7979645340118099		
0.8042477193189895		
0.8105309046261692		
0.8168140899333488		
0.8230972752405284		
0.8293804605477081		
0.8356636458548877		
0.8419468311620674		
0.848230016469247		
0.8545132017764266		
0.8607963870836063		
0.8670795723907859		
0.8733627576979656		
0.8796459430051452		
0.8859291283123248		
0.8922123136195045		
0.8984954989266841		
0.9047786842338638		
0.9110618695410434		
0.917345054848223		
0.9236282401554027		
0.9299114254625823		
0.936194610769762		
0.9424777960769416		
0.9487609813841212		
0.9550441666913009		
0.9613273519984805		
0.9676105373056602		
0.9738937226128398		
0.9801769079200194		
0.9864600932271991		
0.9927432785343787		
0.9990264638415584		
1.0053096491487379		
1.0115928344559175		
1.0178760197630972		
1.0241592050702768		
1.0304423903774564		
1.036725575684636		
1.0430087609918157		
1.0492919462989954		
1.055575131606175		
1.0618583169133546		
1.0681415022205343		
1.074424687527714		
1.0807078728348936		
1.0869910581420732		
1.0932742434492528		
1.0995574287564325		
1.1058406140636121		
1.1121237993707918		
1.1184069846779714		
1.124690169985151		
1.1309733552923307		
1.1372565405995103		
1.14353972590669		
1.1498229112138696		
1.1561060965210492		
1.1623892818282289		
1.1686724671354085		
1.1749556524425881		
1.1812388377497678		
1.1875220230569474		
1.193805208364127		
1.2000883936713067		
1.2063715789784863		
1.212654764285666		
1.2189379495928456		
1.2252211349000253		
1.231504320207205		
1.2377875055143845		
1.2440706908215642		
1.2503538761287438		
1.2566370614359235		
1.262920246743103		
1.2692034320502827		
1.2754866173574624		
1.281769802664642		
1.2880529879718217		
1.2943361732790013		
1.300619358586181		
1.3069025438933606		
1.3131857292005402		
1.3194689145077199		
1.3257520998148995		
1.3320352851220791		
1.3383184704292588		
1.3446016557364384		
1.350884841043618		
1.3571680263507977		
1.3634512116579773		
1.369734396965157		
1.3760175822723366		
1.3823007675795163		
1.388583952886696		
1.3948671381938755		
1.4011503235010552		
1.4074335088082348		
1.4137166941154145		
1.419999879422594		
1.4262830647297737		
1.4325662500369534		
1.438849435344133		
1.4451326206513126		
1.4514158059584923		
1.457698991265672		
1.4639821765728516		
1.4702653618800312		
1.4765485471872108		
1.4828317324943905		
1.4891149178015701		
1.4953981031087498		
1.5016812884159294		
1.507964473723109		
1.5142476590302887		
1.5205308443374683		
1.526814029644648		
1.5330972149518276		
1.5393804002590072		
1.5456635855661869		
1.5519467708733665		
1.5582299561805462		
1.5645131414877258		
1.5707963267949054		
1.577079512102085		
1.5833626974092647		
1.5896458827164444		
1.595929068023624		
1.6022122533308036		
1.6084954386379833		
1.614778623945163		
1.6210618092523426		
1.6273449945595222		
1.6336281798667018		
1.6399113651738815		
1.6461945504810611		
1.6524777357882408		
1.6587609210954204		
1.6650441064026		
1.6713272917097797		
1.6776104770169593		
1.683893662324139		
1.6901768476313186		
1.6964600329384982		
1.7027432182456779		
1.7090264035528575		
1.7153095888600371		
1.7215927741672168		
1.7278759594743964		
1.734159144781576		
1.7404423300887557		
1.7467255153959353		
1.753008700703115		
1.7592918860102946		
1.7655750713174743		
1.771858256624654		
1.7781414419318335		
1.7844246272390132		
1.7907078125461928		
1.7969909978533725		
1.803274183160552		
1.8095573684677317		
1.8158405537749114		
1.822123739082091		
1.8284069243892707		
1.8346901096964503		
1.84097329500363		
1.8472564803108096		
1.8535396656179892		
1.8598228509251689		
1.8661060362323485		
1.8723892215395281		
1.8786724068467078		
1.8849555921538874		
1.891238777461067		
1.8975219627682467		
1.9038051480754263		
1.910088333382606		
1.9163715186897856		
1.9226547039969653		
1.928937889304145		
1.9352210746113245		
1.9415042599185042		
1.9477874452256838		
1.9540706305328635		
1.960353815840043		
1.9666370011472227		
1.9729201864544024		
1.979203371761582		
1.9854865570687616		
1.9917697423759413		
1.998052927683121		
2.0043361129903006		
2.01061929829748		
2.01690248360466		
2.0231856689118395		
2.029468854219019		
2.0357520395261988		
2.0420352248333784		
2.048318410140558		
2.0546015954477377		
2.0608847807549173		
2.067167966062097		
2.0734511513692766		
2.0797343366764562		
2.086017521983636		
2.0923007072908155		
2.098583892597995		
2.104867077905175		
2.1111502632123544		
2.117433448519534		
2.1237166338267137		
2.1299998191338934		
2.136283004441073		
2.1425661897482526		
2.1488493750554323		
2.155132560362612		
2.1614157456697916		
2.167698930976971		
2.173982116284151		
2.1802653015913305		
2.18654848689851		
2.1928316722056898		
2.1991148575128694		
2.205398042820049		
2.2116812281272287		
2.2179644134344083		
2.224247598741588		
2.2305307840487676		
2.2368139693559472		
2.243097154663127		
2.2493803399703065		
2.255663525277486		
2.261946710584666		
2.2682298958918454		
2.274513081199025		
2.2807962665062047		
2.2870794518133843		
2.293362637120564		
2.2996458224277436		
2.3059290077349233		
2.312212193042103		
2.3184953783492825		
2.324778563656462		
2.331061748963642		
2.3373449342708215		
2.343628119578001		
2.3499113048851807		
2.3561944901923604		
2.36247767549954		
2.3687608608067197		
2.3750440461138993		
2.381327231421079		
2.3876104167282586		
2.393893602035438		
2.400176787342618		
2.4064599726497975		
2.412743157956977		
2.4190263432641568		
2.4253095285713364		
2.431592713878516		
2.4378758991856957		
2.4441590844928753		
2.450442269800055		
2.4567254551072346		
2.4630086404144143		
2.469291825721594		
2.4755750110287735		
2.481858196335953		
2.488141381643133		
2.4944245669503124		
2.500707752257492		
2.5069909375646717		
2.5132741228718514		
2.519557308179031		
2.5258404934862106		
2.5321236787933903		
2.53840686410057		
2.5446900494077496		
2.550973234714929		
2.557256420022109		
2.5635396053292885		
2.569822790636468		
2.5761059759436478		
2.5823891612508274		
2.588672346558007		
2.5949555318651867		
2.6012387171723663		
2.607521902479546		
2.6138050877867256		
2.6200882730939052		
2.626371458401085		
2.6326546437082645		
2.638937829015444		
2.645221014322624		
2.6515041996298034		
2.657787384936983		
2.6640705702441627		
2.6703537555513424		
2.676636940858522		
2.6829201261657016		
2.6892033114728813		
2.695486496780061		
2.7017696820872406		
2.70805286739442		
2.7143360527016		
2.7206192380087795		
2.726902423315959		
2.7331856086231388		
2.7394687939303184		
2.745751979237498		
2.7520351645446777		
2.7583183498518573		
2.764601535159037		
2.7708847204662166		
2.7771679057733962		
2.783451091080576		
2.7897342763877555		
2.796017461694935		
2.802300647002115		
2.8085838323092944		
2.814867017616474		
2.8211502029236537		
2.8274333882308333		
2.833716573538013		
2.8399997588451926		
2.8462829441523723		
2.852566129459552		
2.8588493147667315		
2.865132500073911		
2.871415685381091		
2.8776988706882705		
2.88398205599545		
2.8902652413026297		
2.8965484266098094		
2.902831611916989		
2.9091147972241687		
2.9153979825313483		
2.921681167838528		
2.9279643531457076		
2.934247538452887		
2.940530723760067		
2.9468139090672465		
2.953097094374426		
2.9593802796816058		
2.9656634649887854		
2.971946650295965		
2.9782298356031447		
2.9845130209103243		
2.990796206217504		
2.9970793915246836		
3.0033625768318633		
3.009645762139043		
3.0159289474462225		
3.022212132753402		
3.028495318060582		
3.0347785033677614		
3.041061688674941		
3.0473448739821207		
3.0536280592893004		
3.05991124459648		
3.0661944299036596		
3.0724776152108393		
3.078760800518019		
3.0850439858251986		
3.091327171132378		
3.097610356439558		
3.1038935417467375		
3.110176727053917		
3.1164599123610968		
3.1227430976682764		
3.129026282975456		
3.1353094682826357		
3.1415926535898153		
3.147875838896995		
3.1541590242041746		
3.1604422095113542		
3.166725394818534		
3.1730085801257135		
3.179291765432893		
3.185574950740073		
3.1918581360472524		
3.198141321354432		
3.2044245066616117		
3.2107076919687914		
3.216990877275971		
3.2232740625831506		
3.2295572478903303		
3.23584043319751		
3.2421236185046896		
3.248406803811869		
3.254689989119049		
3.2609731744262285		
3.267256359733408		
3.2735395450405878		
3.2798227303477674		
3.286105915654947		
3.2923891009621267		
3.2986722862693063		
3.304955471576486		
3.3112386568836656		
3.3175218421908452		
3.323805027498025		
3.3300882128052045		
3.336371398112384		
3.342654583419564		
3.3489377687267434		
3.355220954033923		
3.3615041393411027		
3.3677873246482823		
3.374070509955462		
3.3803536952626416		
3.3866368805698213		
3.392920065877001		
3.3992032511841805		
3.40548643649136		
3.41176962179854		
3.4180528071057195		
3.424335992412899		
3.4306191777200787		
3.4369023630272584		
3.443185548334438		
3.4494687336416177		
3.4557519189487973		
3.462035104255977		
3.4683182895631566		
3.474601474870336		
3.480884660177516		
3.4871678454846955		
3.493451030791875		
3.4997342160990548		
3.5060174014062344		
3.512300586713414		
3.5185837720205937		
3.5248669573277733		
3.531150142634953		
3.5374333279421326		
3.5437165132493122		
3.549999698556492		
3.5562828838636715		
3.562566069170851		
3.568849254478031		
3.5751324397852104		
3.58141562509239		
3.5876988103995697		
3.5939819957067494		
3.600265181013929		
3.6065483663211086		
3.6128315516282883		
3.619114736935468		
3.6253979222426476		
3.631681107549827		
3.637964292857007		
3.6442474781641865		
3.650530663471366		
3.6568138487785458		
3.6630970340857254		
3.669380219392905		
3.6756634047000847		
3.6819465900072643		
3.688229775314444		
3.6945129606216236		
3.7007961459288032		
3.707079331235983		
3.7133625165431625		
3.719645701850342		
3.725928887157522		
3.7322120724647014		
3.738495257771881		
3.7447784430790607		
3.7510616283862404		
3.75734481369342		
3.7636279990005996		
3.7699111843077793		
3.776194369614959		
3.7824775549221386		
3.788760740229318		
3.795043925536498		
3.8013271108436775		
3.807610296150857		
3.8138934814580367		
3.8201766667652164		
3.826459852072396		
3.8327430373795757		
3.8390262226867553		
3.845309407993935		
3.8515925933011146		
3.8578757786082942		
3.864158963915474		
3.8704421492226535		
3.876725334529833		
3.883008519837013		
3.8892917051441924		
3.895574890451372		
3.9018580757585517		
3.9081412610657313		
3.914424446372911		
3.9207076316800906		
3.9269908169872703		
3.93327400229445		
3.9395571876016295		
3.945840372908809		
3.952123558215989		
3.9584067435231685		
3.964689928830348		
3.9709731141375277		
3.9772562994447074		
3.983539484751887		
3.9898226700590667		
3.9961058553662463		
4.0023890406734255		
4.008672225980605		
4.014955411287784		
4.021238596594963		
4.027521781902142		
4.0338049672093215		
4.040088152516501		
4.04637133782368		
4.052654523130859		
4.058937708438038		
4.0652208937452174		
4.071504079052397		
4.077787264359576		
4.084070449666755		
4.090353634973934		
4.096636820281113		
4.102920005588293		
4.109203190895472		
4.115486376202651		
4.12176956150983		
4.128052746817009		
4.134335932124189		
4.140619117431368		
4.146902302738547		
4.153185488045726		
4.159468673352905		
4.165751858660085		
4.172035043967264		
4.178318229274443		
4.184601414581622		
4.190884599888801		
4.1971677851959805		
4.20345097050316		
4.209734155810339		
4.216017341117518		
4.222300526424697		
4.2285837117318765		
4.234866897039056		
4.241150082346235		
4.247433267653414		
4.253716452960593		
4.2599996382677725		
4.266282823574952		
4.272566008882131		
4.27884919418931		
4.285132379496489		
4.2914155648036685		
4.297698750110848		
4.303981935418027		
4.310265120725206		
4.316548306032385		
4.3228314913395645		
4.329114676646744		
4.335397861953923		
4.341681047261102		
4.347964232568281		
4.35424741787546		
4.36053060318264		
4.366813788489819		
4.373096973796998		
4.379380159104177		
4.385663344411356		
4.391946529718536		
4.398229715025715		
4.404512900332894		
4.410796085640073		
4.417079270947252		
4.423362456254432		
4.429645641561611		
4.43592882686879		
4.442212012175969		
4.448495197483148		
4.454778382790328		
4.461061568097507		
4.467344753404686		
4.473627938711865		
4.479911124019044		
4.4861943093262235		
4.492477494633403		
4.498760679940582		
4.505043865247761		
4.51132705055494		
4.5176102358621195		
4.523893421169299		
4.530176606476478		
4.536459791783657		
4.542742977090836		
4.5490261623980155		
4.555309347705195		
4.561592533012374		
4.567875718319553		
4.574158903626732		
4.5804420889339115		
4.586725274241091		
4.59300845954827		
4.599291644855449		
4.605574830162628		
4.6118580154698074		
4.618141200776987		
4.624424386084166		
4.630707571391345		
4.636990756698524		
4.643273942005703		
4.649557127312883		
4.655840312620062		
4.662123497927241		
4.66840668323442		
4.674689868541599		
4.680973053848779		
4.687256239155958		
4.693539424463137		
4.699822609770316		
4.706105795077495		
4.712388980384675		
4.718672165691854		
4.724955350999033		
4.731238536306212		
4.737521721613391		
4.7438049069205706		
4.75008809222775		
4.756371277534929		
4.762654462842108		
4.768937648149287		
4.7752208334564665		
4.781504018763646		
4.787787204070825		
4.794070389378004		
4.800353574685183		
4.8066367599923625		
4.812919945299542		
4.819203130606721		
4.8254863159139		
4.831769501221079		
4.8380526865282585		
4.844335871835438		
4.850619057142617		
4.856902242449796		
4.863185427756975		
4.8694686130641545		
4.875751798371334		
4.882034983678513		
4.888318168985692		
4.894601354292871		
4.90088453960005		
4.90716772490723		
4.913450910214409		
4.919734095521588		
4.926017280828767		
4.932300466135946		
4.938583651443126		
4.944866836750305		
4.951150022057484		
4.957433207364663		
4.963716392671842		
4.969999577979022		
4.976282763286201		
4.98256594859338		
4.988849133900559		
4.995132319207738		
5.001415504514918		
5.007698689822097		
5.013981875129276		
5.020265060436455		
5.026548245743634		
5.0328314310508135		
5.039114616357993		
5.045397801665172		
5.051680986972351		
5.05796417227953		
5.0642473575867095		
5.070530542893889		
5.076813728201068		
5.083096913508247		
5.089380098815426		
5.0956632841226055		
5.101946469429785		
5.108229654736964		
5.114512840044143		
5.120796025351322		
5.1270792106585015		
5.133362395965681		
5.13964558127286		
5.145928766580039		
5.152211951887218		
5.1584951371943975		
5.164778322501577		
5.171061507808756		
5.177344693115935		
5.183627878423114		
5.189911063730293		
5.196194249037473		
5.202477434344652		
5.208760619651831		
5.21504380495901		
5.221326990266189		
5.227610175573369		
5.233893360880548		
5.240176546187727		
5.246459731494906		
5.252742916802085		
5.259026102109265		
5.265309287416444		
5.271592472723623		
5.277875658030802		
5.284158843337981		
5.2904420286451606		
5.29672521395234		
5.303008399259519		
5.309291584566698		
5.315574769873877		
5.3218579551810565		
5.328141140488236		
5.334424325795415		
5.340707511102594		
5.346990696409773		
5.3532738817169525		
5.359557067024132		
5.365840252331311		
5.37212343763849		
5.378406622945669		
5.3846898082528485		
5.390972993560028		
5.397256178867207		
5.403539364174386		
5.409822549481565		
5.4161057347887445		
5.422388920095924		
5.428672105403103		
5.434955290710282		
5.441238476017461		
5.44752166132464		
5.45380484663182		
5.460088031938999		
5.466371217246178		
5.472654402553357		
5.478937587860536		
5.485220773167716		
5.491503958474895		
5.497787143782074		
5.504070329089253		
5.510353514396432		
5.516636699703612		
5.522919885010791		
5.52920307031797		
5.535486255625149		
5.541769440932328		
5.548052626239508		
5.554335811546687		
5.560618996853866		
5.566902182161045		
5.573185367468224		
5.5794685527754035		
5.585751738082583		
5.592034923389762		
5.598318108696941		
5.60460129400412		
5.6108844793112995		
5.617167664618479		
5.623450849925658		
5.629734035232837		
5.636017220540016		
5.6423004058471955		
5.648583591154375		
5.654866776461554		
5.661149961768733		
5.667433147075912		
5.6737163323830915		
5.679999517690271		
5.68628270299745		
5.692565888304629		
5.698849073611808		
5.7051322589189875		
5.711415444226167		
5.717698629533346		
5.723981814840525		
5.730265000147704		
5.736548185454883		
5.742831370762063		
5.749114556069242		
5.755397741376421		
5.7616809266836		
5.767964111990779		
5.774247297297959		
5.780530482605138		
5.786813667912317		
5.793096853219496		
5.799380038526675		
5.805663223833855		
5.811946409141034		
5.818229594448213		
5.824512779755392		
5.830795965062571		
5.837079150369751		
5.84336233567693		
5.849645520984109		
5.855928706291288		
5.862211891598467		
5.8684950769056465		
5.874778262212826		
5.881061447520005		
5.887344632827184		
5.893627818134363		
5.8999110034415425		
5.906194188748722		
5.912477374055901		
5.91876055936308		
5.925043744670259		
5.9313269299774385		
5.937610115284618		
5.943893300591797		
5.950176485898976		
5.956459671206155		
5.9627428565133345		
5.969026041820514		
5.975309227127693		
5.981592412434872		
5.987875597742051		
5.99415878304923		
6.00044196835641		
6.006725153663589		
6.013008338970768		
6.019291524277947		
6.025574709585126		
6.031857894892306		
6.038141080199485		
6.044424265506664		
6.050707450813843		
6.056990636121022		
6.063273821428202		
6.069557006735381		
6.07584019204256		
6.082123377349739		
6.088406562656918		
6.094689747964098		
6.100972933271277		
6.107256118578456		
6.113539303885635		
6.119822489192814		
6.1261056744999935		
6.132388859807173		
6.138672045114352		
6.144955230421531		
6.15123841572871		
6.1575216010358895		
6.163804786343069		
6.170087971650248		
6.176371156957427		
6.182654342264606		
6.1889375275717855		
6.195220712878965		
6.201503898186144		
6.207787083493323		
6.214070268800502		
6.2203534541076815		
6.226636639414861		
6.23291982472204		
6.239203010029219		
6.245486195336398		
6.2517693806435775		
6.258052565950757		
6.264335751257936		
6.270618936565115		
6.276902121872294
